 90            50 
       -999.99       -999.99       -999.99       -999.99       -999.99       -999.99       -999.99       -999.99       -999.99       -999.99       -999.99       -999.99       -999.99       -999.99       -999.99       -999.99       -999.99       -999.99       -999.99       -999.99
       -999.99       -999.99       -999.99       -999.99       -999.99       -999.99       -999.99       -999.99       -999.99       -999.99       -999.99          25.5          25.5          25.5          25.5          25.5          25.5          25.5          25.5          25.5
          25.5          25.5          25.5          25.5          25.5          25.5          25.5          25.5          25.5          25.5          25.5          25.5          25.5          25.5          25.5          25.5          25.5          25.5          25.5          25.5
          25.5          25.5          25.5          25.5          25.5          25.5          25.5          25.5          25.5          25.5          25.5          25.5          25.5          25.5          25.5          25.5          25.5          25.5          25.5          25.5
          25.5       -999.99       -999.99       -999.99       -999.99       -999.99       -999.99       -999.99       -999.99       -999.99
       -999.99       -999.99       -999.99       -999.99       -999.99       -999.99       -999.99       -999.99       -999.99       -999.99       -999.99       -999.99       -999.99       -999.99       -999.99       -999.99       -999.99       -999.99       -999.99       -999.99
          25.5          25.5          25.5          25.5          25.5          25.5          25.5          25.5          25.5          25.5          25.5          25.5      25.60602      25.64079      25.65851      25.66901       25.6707      25.66946      25.66803      25.66872
      25.67329      25.68103      25.68459      25.68271      25.67552      25.67284      25.67723      25.68483      25.68689      25.68757      25.68779      25.68787      25.68794      25.68795      25.68776        25.687      25.68496      25.68048      25.67323      25.66993
      25.67113      25.67507      25.67945      25.67997      25.68373      25.69579      25.71482      25.73244      25.74631       25.7586      25.77009      25.78124       25.7924      25.80389      25.81609       25.8295      25.84482      25.86317      25.88617      25.91554
      25.94842       -999.99       -999.99       -999.99       -999.99       -999.99       -999.99       -999.99       -999.99       -999.99
       -999.99       -999.99       -999.99       -999.99       -999.99       -999.99       -999.99       -999.99       -999.99       -999.99       -999.99       -999.99       -999.99       -999.99       -999.99       -999.99       -999.99       -999.99          25.5          25.5
      25.62998      25.68365      25.71043      25.72573      25.73518      25.74123      25.74508      25.74748      25.74907      25.75067      25.75402      25.76364      25.79315      25.81375      25.82987      25.84048      25.83945      25.83422      25.82908      25.82869
      25.83851      25.86209      25.86988      25.86869      25.86084      25.85751      25.86167      25.86908      25.87086      25.87133      25.87141      25.87149      25.87164      25.87182      25.87181      25.87103      25.86811      25.85958      25.83763      25.83051
      25.83465      25.84477      25.85627      25.86227      25.87373      25.89684      25.92978      25.96212      25.98825      26.01186      26.03415      26.05588      26.07765      26.10003      26.12368      26.14947      26.17865      26.21327      26.25695      26.31776
      26.41827      26.63748       -999.99       -999.99       -999.99       -999.99       -999.99       -999.99       -999.99       -999.99
       -999.99       -999.99       -999.99       -999.99       -999.99       -999.99       -999.99       -999.99       -999.99       -999.99       -999.99       -999.99       -999.99       -999.99       -999.99       -999.99          25.5          25.5      25.66094      25.74424
      25.83032      25.88894      25.92683      25.95157      25.96793      25.97871      25.98561      25.98977      25.99209      25.99358      25.99559      25.99996      26.00598      26.01155      26.01774      26.01739      26.00824      25.99477      25.98132      25.97444
      25.98732      26.07669      26.07651      26.07538       26.0737      26.07187      26.07016      26.06869       26.0675      26.06664      26.06616      26.06607      26.06636      26.06696      26.06774      26.06852      26.06902      26.06891      25.98454      25.97581
      25.98812      26.00896      26.03209      26.05155      26.07461      26.10813      26.15076      26.19171      26.22771      26.26129      26.29347      26.32504      26.35668      26.38912      26.42316      26.45987      26.50067      26.54759      26.60357       26.6727
      26.75884      26.85303       -999.99       -999.99       -999.99       -999.99       -999.99       -999.99       -999.99       -999.99
       -999.99       -999.99       -999.99       -999.99       -999.99       -999.99       -999.99       -999.99       -999.99       -999.99       -999.99       -999.99       -999.99       -999.99          25.5          25.5      25.68488      25.78371      25.89293      25.97936
      26.05338      26.11029      26.15166      26.18098      26.20138      26.21516      26.22394       26.2289      26.23098      26.23102      26.22984      26.22812       26.2257      26.22082      26.21228      26.19803      26.17722      26.15129      26.12304      26.09712
      26.08079      26.08486      26.08393      26.08229      26.08029      26.07821      26.07628      26.07462      26.07329      26.07236      26.07185      26.07178      26.07214      26.07286      26.07385      26.07496      26.07597      26.07661       26.0761      26.09675
      26.12912      26.16678      26.20579       26.2443      26.28279      26.32697      26.37429      26.42049      26.46467      26.50706      26.54823      26.58881      26.62948      26.67099      26.71422      26.76025      26.81043      26.86651      26.93047       27.0039
        27.085      27.15786       -999.99       -999.99       -999.99       -999.99       -999.99       -999.99       -999.99       -999.99
       -999.99       -999.99       -999.99       -999.99       -999.99       -999.99       -999.99          25.5          25.5          25.5          25.5          25.5          25.5          25.5      25.71507      25.82516      25.94856      26.04982      26.14253      26.22177
      26.28864      26.34238      26.38373      26.41449       26.4366      26.45173       26.4612      26.46604      26.46703      26.46481      26.45983      26.45225       26.4417      26.42712      26.40733      26.38098      26.34721       26.3061      26.25858      26.20655
      26.15256      26.09542      26.09345      26.09099      26.08839      26.08587      26.08359      26.08165      26.08013      26.07908      26.07853       26.0785      26.07897      26.07992      26.08127      26.08291       26.0847      26.08633      26.14495      26.20231
      26.26099      26.31924      26.37582      26.43048      26.48418      26.53841      26.59291      26.64649      26.69854      26.74909       26.7985       26.8473      26.89612       26.9457      26.99689      27.05072      27.10843      27.17152      27.24172      27.32114
      27.41313      27.52902      27.72408       -999.99       -999.99       -999.99       -999.99       -999.99       -999.99       -999.99
       -999.99       -999.99       -999.99       -999.99       -999.99          25.5          25.5          25.5       25.6792      25.75377      25.79535      25.82722      25.86161      25.91455      26.02685       26.1288      26.22865      26.31889      26.40027      26.47141
      26.53204      26.58195      26.62154      26.65181      26.67395       26.6891      26.69825      26.70217      26.70148      26.69658      26.68768      26.67469      26.65714      26.63416      26.60458      26.56709      26.52039       26.4633      26.39475      26.31388
      26.21981      26.10729      26.10416      26.10068       26.0973      26.09418      26.09145      26.08918      26.08742      26.08622      26.08561      26.08562      26.08624      26.08748      26.08928      26.09159      26.09429      26.09699      26.20725      26.30252
      26.38941      26.46938      26.54359      26.61332      26.67994      26.74463      26.80779      26.86931      26.92911      26.98734      27.04437      27.10066       27.1568      27.21348       27.2715      27.33178       27.3954      27.46363      27.53789       27.6198
       27.7112      27.81321      27.91552       -999.99       -999.99       -999.99       -999.99       -999.99       -999.99       -999.99
       -999.99       -999.99       -999.99          25.5          25.5      25.69132      25.78208      25.85271      25.95585      26.03421      26.09343      26.14428      26.19635      26.25952      26.34265      26.42839      26.51258      26.59127      26.66293      26.72642
      26.78115      26.82688      26.86379      26.89241      26.91345      26.92766       26.9357      26.93813      26.93536      26.92761      26.91492      26.89705      26.87348      26.84331      26.80536      26.75813      26.69975      26.62786      26.53928      26.42983
      26.29379      26.12009      26.11565      26.11101      26.10673      26.10293      26.09968      26.09702      26.09499      26.09362      26.09294      26.09297      26.09376       26.0953      26.09761      26.10066      26.10436      26.10822      26.27296      26.40657
       26.5208      26.62122      26.71165      26.79497      26.87323      26.94787       27.0197      27.08915      27.15647      27.22197      27.28604      27.34915      27.41183      27.47473      27.53856      27.60412      27.67233      27.74419      27.82079      27.90329
      27.99296      28.09159      28.20447       28.3637       -999.99       -999.99       -999.99       -999.99       -999.99       -999.99
       -999.99          25.5          25.5      25.72568      25.84515      25.97578      26.07748      26.16436      26.25148      26.32803      26.39397      26.45397       26.5136        26.578      26.64965      26.72358      26.79634      26.86519      26.92846      26.98503
       27.0342      27.07568      27.10944      27.13574      27.15496      27.16757      27.17397      27.17453      27.16947      27.15888      27.14267      27.12052      27.09184      27.05574        27.011      26.95596      26.88833      26.80485      26.70047      26.56698
      26.38919      26.13337      26.12746      26.12157      26.11634      26.11183      26.10804      26.10498      26.10265      26.10108       26.1003      26.10035      26.10127      26.10311      26.10592      26.10973      26.11449      26.11961      26.35421      26.52475
      26.66191      26.77885      26.88259      26.97734      27.06572      27.14941      27.22944      27.30646      27.38093      27.45325      27.52382      27.59312      27.66165      27.72997      27.79873       27.8686      27.94032      28.01468      28.09242      28.17421
      28.26036      28.35033        28.441      28.51948       -999.99       -999.99       -999.99       -999.99       -999.99       -999.99
          25.5      25.77062      25.90204      26.04906      26.17046      26.28305       26.3816      26.46962      26.55173      26.62658      26.69456      26.75802      26.82001      26.88315      26.94843      27.01418      27.07841      27.13929      27.19544      27.24587
      27.28993      27.32724      27.35767      27.38129      27.39828      27.40889      27.41333       27.4118       27.4044       27.3911      27.37172       27.3459      27.31306       27.2723      27.22247       27.1619      27.08833      26.99832      26.88629      26.74172
      26.53702      26.14557      26.13821      26.13116      26.12508      26.11994      26.11568      26.11225      26.10964      26.10787      26.10697        26.107      26.10801      26.11008       26.1133      26.11777      26.12351      26.12988      26.47608      26.67007
      26.81889       26.9454      27.05819      27.16169      27.25846       27.3501      27.43762      27.52171      27.60287      27.68152      27.75808        27.833      27.90674       27.9798      28.05274      28.12613      28.20056      28.27663      28.35485       28.4356
      28.51879       28.6033      28.68491      28.74963       -999.99       -999.99       -999.99       -999.99       -999.99       -999.99
       26.0627      26.16997       26.2781      26.39122       26.4979      26.59809      26.69014      26.77473      26.85332      26.92615      26.99381      27.05767      27.11939      27.18033      27.24099       27.3007      27.35836      27.41278      27.46293      27.50799
      27.54738      27.58073      27.60783      27.62864       27.6432      27.65159      27.65391      27.65023      27.64053      27.62472      27.60257      27.57371      27.53758      27.49339       27.4401      27.37632       27.3002       27.2092      27.09986      26.96762
      26.80853      26.62724      26.53747      26.48609      26.45166      26.42576      26.40499      26.38795      26.37414      26.36352      26.35636      26.35314      26.35456       26.3617      26.37627      26.40172      26.44585      26.52813      26.69562      26.85262
      26.99363      27.12123      27.23866      27.34833      27.45188       27.5504      27.64469      27.73529      27.82266      27.90718      27.98925      28.06927      28.14765      28.22486      28.30135      28.37762      28.45415      28.53139      28.60975      28.68954
      28.77094      28.85422      28.94081      29.03945      29.19563       -999.99       -999.99       -999.99       -999.99       -999.99
      26.50308      26.56072      26.64174      26.73296      26.82532      26.91501      27.00003      27.07989      27.15482      27.22507      27.29111      27.35373      27.41383      27.47214      27.52889      27.58379      27.63618      27.68527      27.73033       27.7707
      27.80589      27.83554      27.85943      27.87744       27.8895      27.89562      27.89578      27.88996      27.87809      27.86002       27.8355      27.80418      27.76556      27.71899      27.66364      27.59847      27.52228      27.43368      27.33137        27.215
      27.08764      26.96185      26.86756      26.79869      26.74614      26.70394      26.66885      26.63933      26.61486      26.59555      26.58196      26.57498       26.5758      26.58601      26.60789      26.64498      26.70307      26.79066      26.91362      27.04629
      27.17716      27.30272      27.42245      27.53665      27.64582      27.75044      27.85089      27.94752      28.04066      28.13063      28.21777      28.30242      28.38497      28.46581      28.54534      28.62398      28.70212      28.78013      28.85832      28.93698
      29.01639      29.09701      29.17979      29.26586      29.34842       -999.99       -999.99       -999.99       -999.99       -999.99
      26.87777       26.9208      26.98822      27.06693      27.14903      27.23044      27.30909      27.38409      27.45521      27.52248      27.58617      27.64667      27.70448      27.75995      27.81319      27.86402        27.912       27.9566      27.99729      28.03355
      28.06497      28.09123      28.11209      28.12737      28.13699      28.14086      28.13891      28.13105      28.11717       28.0971      28.07059      28.03732      27.99687      27.94874      27.89233      27.82697      27.75203        27.667      27.57192      27.46808
      27.35936       27.2538      27.16235      27.08599       27.0219      26.96712      26.91966      26.87854      26.84359      26.81527      26.79453      26.78267      26.78126      26.79216      26.81756      26.86013      26.92301      27.00892      27.11692      27.23705
      27.36141      27.48555      27.60726       27.7255      27.83984      27.95011      28.05635      28.15866      28.25722      28.35228      28.44409      28.53298      28.61926       28.7033      28.78545      28.86604      28.94542      29.02386      29.10162       29.1789
      29.25591      29.33297      29.41082      29.49121      29.57965      29.70424       -999.99       -999.99       -999.99       -999.99
      27.20271      27.24986      27.31692      27.39117      27.46724       27.5426      27.61589      27.68638      27.75373      27.81785      27.87881      27.93678      27.99197      28.04456      28.09455      28.14179      28.18597      28.22672      28.26361      28.29625
      28.32429      28.34745      28.36548      28.37821      28.38549      28.38721      28.38325      28.37349      28.35779      28.33597       28.3078        28.273      28.23124      28.18213       28.1253      28.06036      27.98707      27.90548      27.81619      27.72082
      27.62249      27.52599      27.43639      27.35553      27.28302      27.21784      27.15918      27.10679      27.06105      27.02291      26.99381      26.97555      26.97009      26.97947      27.00567      27.05051      27.11536      27.20044       27.3035        27.419
      27.54135      27.66632      27.79106      27.91378       28.0334       28.1493      28.26119      28.36897       28.4727      28.57253       28.6687      28.76146      28.85111      28.93798      29.02238       29.1046      29.18493      29.26357      29.34071      29.41642
      29.49073      29.56358      29.63481      29.70404      29.76989      29.82558       -999.99       -999.99       -999.99       -999.99
      27.47475      27.55302      27.63227      27.70745      27.78013      27.85093       27.9197      27.98611      28.04988      28.11083      28.16893       28.2242      28.27669      28.32644       28.3734      28.41741      28.45825      28.49561      28.52916      28.55859
      28.58361      28.60395      28.61938      28.62972      28.63482      28.63452      28.62869       28.6172      28.59987      28.57654        28.547        28.511      28.46829      28.41859      28.36167      28.29736      28.22564      28.14679      28.06157      27.97141
      27.87855      27.78594      27.69638      27.61149      27.53173       27.4571      27.38764      27.32376      27.26642      27.21715      27.17802      27.15145      27.13995      27.14585      27.17102      27.21669      27.28321      27.36963      27.47324      27.58968
      27.71424      27.84287      27.97242      28.10068      28.22617      28.34797      28.46557      28.57875      28.68747      28.79185      28.89207      28.98839      29.08109      29.17048      29.25682      29.34041      29.42146      29.50016       29.5766      29.65077
      29.72248      29.79133      29.85643      29.91599      29.96621        29.999       -999.99       -999.99       -999.99       -999.99
      27.66391      27.84948      27.94569      28.02026      28.08901      28.15549      28.22018      28.28287      28.34329      28.40119      28.45646      28.50903      28.55885      28.60587         28.65      28.69109      28.72893      28.76328      28.79388      28.82045
      28.84275      28.86053       28.8736      28.88175      28.88483      28.88268      28.87514      28.86208      28.84332       28.8187      28.78802      28.75108      28.70767      28.65762      28.60075      28.53702      28.46653      28.38961      28.30694      28.21965
      28.12928      28.03768       27.9466      27.85726      27.77037      27.68638      27.60584      27.52967      27.45935      27.39704      27.34559      27.30829       27.2885      27.28909      27.31198      27.35807      27.42714      27.51752      27.62594      27.74792
      27.87872      28.01408      28.15063      28.28587      28.41812      28.54631      28.66983      28.78841        28.902       29.0107      29.11472      29.21432      29.30976      29.40137       29.4894      29.57413      29.65576      29.73443      29.81022      29.88304
      29.95263      30.01842      30.07927      30.13305      30.17586      30.20123       -999.99       -999.99       -999.99       -999.99
       -999.99      28.22775      28.27468      28.33302       28.3944      28.45616      28.51706       28.5764      28.63374       28.6888      28.74137      28.79133      28.83858      28.88302      28.92453      28.96295       28.9981      29.02976      29.05772      29.08173
      29.10159      29.11707      29.12798      29.13414      29.13538      29.13155      29.12248      29.10802      29.08801      29.06229      29.03067      28.99298      28.94907      28.89877      28.84199      28.77872      28.70907      28.63334      28.55206      28.46602
      28.37625      28.28391      28.19009      28.09566      28.00127       27.9075      27.81512      27.72532      27.64001        27.562      27.49508      27.44382      27.41297      27.40635      27.42605      27.47274      27.54592      27.64342      27.76099      27.89314
      28.03431      28.17973      28.32569      28.46957      28.60962      28.74478      28.87447      28.99849      29.11683      29.22965       29.3372      29.43977      29.53768      29.63122      29.72071      29.80639      29.88846      29.96709      30.04231      30.11409
      30.18217      30.24607      30.30487      30.35684      30.39877      30.42462       -999.99       -999.99       -999.99       -999.99
       -999.99      28.55235      28.58642        28.637      28.69378      28.75212         28.81       28.8665      28.92113      28.97358      29.02364      29.07116      29.11599      29.15802      29.19711      29.23309       29.2658      29.29504      29.32063      29.34235
      29.36002      29.37343       29.3824      29.38676      29.38635      29.38101      29.37057      29.35488      29.33379      29.30714      29.27476      29.23649      29.19219      29.14173      29.08502      29.02206      28.95292      28.87781      28.79708      28.71123
      28.62088      28.52669      28.42928      28.32918       28.2268       28.1226       28.0173      27.91213      27.80921      27.71189      27.62509       27.5553      27.50966       27.4938      27.50964      27.55737      27.63668       27.7454      27.87747      28.02517
      28.18136      28.34043      28.49837      28.65258      28.80146      28.94413      29.08021      29.20964      29.33257      29.44927      29.56005       29.6653      29.76535      29.86057      29.95126       30.0377      30.12011      30.19865      30.27342      30.34441
      30.41151      30.47449      30.53298      30.58639      30.63346      30.66943       -999.99       -999.99       -999.99       -999.99
       -999.99      28.83729      28.87613       28.9293      28.98615       29.0431      29.09893      29.15314      29.20542      29.25553       29.3033      29.34855      29.39115      29.43095       29.4678      29.50156      29.53206      29.55913      29.58259      29.60226
      29.61796      29.62951      29.63675       29.6395      29.63761      29.63093      29.61929      29.60254      29.58054      29.55312      29.52013      29.48142      29.43684      29.38627      29.32963      29.26686      29.19799      29.12311       29.0424      28.95609
      28.86447      28.76781      28.66633      28.56017      28.44941      28.33418      28.21486      28.09238      27.96866      27.84731      27.73438      27.63912      27.57318      27.54623        27.558      27.60702      27.69448      27.82028      27.97434      28.14454
      28.32121       28.4978      28.67027      28.83636      28.99491      29.14546      29.28797      29.42268      29.54994      29.67019      29.78386      29.89142       29.9933      30.08988      30.18152      30.26853      30.35114      30.42955       30.5039      30.57425
      30.64063       30.7031      30.76188      30.81797       30.8749      30.94538      31.07832       -999.99       -999.99       -999.99
       -999.99      29.07846      29.14639      29.21264      29.27311      29.32989      29.38422      29.43648      29.48668       29.5347      29.58038      29.62357      29.66411      29.70186      29.73668      29.76842      29.79692      29.82203      29.84357       29.8614
      29.87534      29.88524      29.89092      29.89225      29.88906       29.8812      29.86852      29.85088      29.82811      29.80008      29.76662      29.72759      29.68284      29.63224      29.57567      29.51305      29.44432      29.36948      29.28851      29.20144
      29.10825       29.0089      28.90322      28.79096      28.67175       28.5452      28.41105      28.26948      28.12157      27.97033      27.82232      27.69017      27.59443      27.55675      27.56587      27.61493      27.71043      27.86314      28.05103       28.2532
      28.45672      28.65474      28.84395      29.02304       29.1917      29.35015      29.49889      29.63853       29.7697      29.89306      30.00919      30.11866      30.22198       30.3196      30.41191      30.49926      30.58191       30.6601      30.73399      30.80371
      30.86936      30.93109      30.98921      31.04445      31.09844      31.15374      31.20811       -999.99       -999.99       -999.99
       -999.99      29.24759      29.41334      29.49658      29.55855      29.61394       29.6664      29.71675      29.76504      29.81116      29.85495      29.89626      29.93493      29.97082      30.00379       30.0337      30.06039      30.08372      30.10356      30.11974
      30.13211      30.14053      30.14485      30.14491      30.14058      30.13172      30.11816      30.09976      30.07639      30.04789       30.0141      29.97488      29.93007      29.87952      29.82309      29.76065      29.69207      29.61722      29.53595      29.44809
      29.35338      29.25147      29.14186      29.02388      28.89664       28.7591      28.61006       28.4484      28.27348      28.08604      27.89061       27.7013      27.55439      27.51727      27.53062      27.57307      27.66564      27.86694      28.10921      28.35603
      28.59312      28.81576      29.02302       29.2154      29.39394      29.55983       29.7142      29.85815      29.99264      30.11852      30.23658      30.34748      30.45183      30.55012      30.64279      30.73022      30.81273      30.89055      30.96389       31.0329
      31.09772      31.15844      31.21518      31.26797      31.31651        31.359      31.38875       -999.99       -999.99       -999.99
       -999.99       -999.99      29.75628      29.79651       29.8454      29.89581      29.94563      29.99402      30.04056      30.08498      30.12708      30.16669      30.20366      30.23787      30.26916       30.2974      30.32246      30.34421      30.36251      30.37722
       30.3882      30.39532      30.39843       30.3974      30.39209      30.38236      30.36807      30.34909      30.32525      30.29643      30.26245      30.22317      30.17843      30.12805      30.07188      30.00972      29.94138      29.86663      29.78522      29.69678
      29.60087      29.49688      29.38401      29.26118      29.12699      28.97964      28.81687      28.63588       28.4333       28.2053      27.94864      27.66635      27.40149      27.42408      27.46299      27.47775      27.50875      27.82554      28.15816      28.46369
      28.73898      28.98719      29.21199      29.41667      29.60398      29.77619      29.93518      30.08251      30.21947      30.34717      30.46652      30.57831      30.68319      30.78174      30.87444      30.96168      31.04381       31.1211      31.19377      31.26199
       31.3259      31.38555      31.44091      31.49161      31.53655      31.57299      31.59524       -999.99       -999.99       -999.99
       -999.99       -999.99      30.05313      30.08257      30.12568      30.17325       30.2213       30.2682      30.31328      30.35622      30.39682      30.43491      30.47037      30.50304      30.53282      30.55956      30.58316      30.60348       30.6204       30.6338
      30.64355      30.64952      30.65159      30.64962      30.64348      30.63304      30.61817      30.59873      30.57458      30.54558      30.51156      30.47237      30.42784      30.37779      30.32201       30.2603      30.19239      30.11799      30.03673      29.94813
      29.85159       29.7463       29.6312      29.50489      29.36552      29.21061      29.03689      28.83992      28.61347      28.34817      28.02731      27.61078      26.97478       27.3127      27.41641      27.36435      27.08033      27.76433      28.22854      28.59594
      28.90646      29.17668      29.41588      29.63022      29.82411      30.00084      30.16296      30.31244      30.45086       30.5795      30.69941      30.81146      30.91636      31.01474      31.10709      31.19384      31.27535      31.35192      31.42377      31.49111
      31.55408      31.61276      31.66713      31.71687      31.76101      31.79713      31.81987       -999.99       -999.99       -999.99
       -999.99       -999.99      30.31549      30.35006      30.39656      30.44533      30.49323      30.53932       30.5833      30.62499      30.66427      30.70101      30.73509       30.7664      30.79481       30.8202      30.84248      30.86152      30.87722      30.88946
      30.89812       30.9031      30.90425      30.90148      30.89465      30.88365      30.86834      30.84859      30.82427      30.79523      30.76132      30.72238      30.67822      30.62866      30.57348      30.51243      30.44522      30.37149      30.29081      30.20262
       30.1062      30.00062      29.88464      29.75665      29.61447       29.4552      29.27487        29.068      28.82685      28.54055        28.195      27.78122      27.36027      27.45191      27.52333      27.50157      27.45983      27.92846      28.38821      28.77842
      29.10814      29.39144      29.63913       29.8589      30.05623       30.2351      30.39847      30.54861      30.68728      30.81588      30.93554      31.04718      31.15155      31.24928       31.3409      31.42685      31.50748      31.58311      31.65399      31.72033
      31.78232       31.8401      31.89383      31.94361       31.9894      32.03056      32.06296       -999.99       -999.99       -999.99
       -999.99       -999.99      30.53876      30.60094      30.66042      30.71345      30.76214      30.80777      30.85082      30.89142      30.92953      30.96506      30.99791      31.02798      31.05516      31.07934      31.10043      31.11833      31.13294      31.14415
      31.15186      31.15597      31.15635      31.15291      31.14552      31.13409      31.11847      31.09855      31.07419      31.04526      31.01161      30.97306      30.92946      30.88058      30.82621      30.76608      30.69988      30.62722      30.54763      30.46051
      30.36509      30.26037      30.14506      30.01745      29.87527      29.71546      29.53383      29.32451      29.07913      28.78526      28.42304      27.95317      27.27281       27.6105      27.71989       27.6582      27.37028      28.09494       28.6087      29.01384
      29.34954      29.63564      29.88452      30.10453      30.30153      30.47972       30.6422      30.79135      30.92897      31.05649      31.17505      31.28559      31.38885      31.48547      31.57597      31.66079      31.74028      31.81476      31.88448      31.94967
      32.01054      32.06733      32.12035      32.17021       32.2183      32.26855      32.33384      32.46219       -999.99       -999.99
       -999.99       -999.99      30.69597      30.84997      30.92599      30.98118      31.02936      31.07405      31.11609      31.15566       31.1927      31.22714      31.25888      31.28784      31.31391        31.337      31.35703       31.3739      31.38754      31.39784
      31.40472      31.40808      31.40781      31.40382      31.39601      31.38425      31.36845      31.34848      31.32423      31.29554      31.26229      31.22431      31.18143      31.13344      31.08011      31.02118      30.95633      30.88517      30.80722      30.72187
      30.62837      30.52573      30.41269      30.28762      30.14835      29.99198      29.81463      29.61086      29.37308      29.09059      28.74953      28.34118      27.92616      28.01464      28.08343      28.06038      28.01787      28.47692      28.92782      29.31034
       29.6333      29.91054      30.15274       30.3675      30.56021      30.73481      30.89424       31.0407      31.17595      31.30133      31.41795      31.52669      31.62828      31.72332      31.81232      31.89568      31.97377      32.04688      32.11525      32.17911
      32.23867      32.29416      32.34591       32.3945      32.44098      32.48742      32.53683      32.58754       -999.99       -999.99
       -999.99       -999.99       -999.99       31.1711      31.20756      31.25118      31.29538      31.33829       31.3792      31.41778      31.45387      31.48733      31.51808      31.54603      31.57109       31.5932      31.61227      31.62823        31.641      31.65051
      31.65666      31.65937      31.65856      31.65414        31.646      31.63404      31.61818      31.59828      31.57425      31.54595      31.51324      31.47598      31.43399      31.38709      31.33504      31.27759      31.21444       31.1452      31.06943      30.98655
      30.89586      30.79646      30.68723      30.56671      30.43304       30.2838       30.1158      29.92471      29.70452      29.44617      29.13349      28.72779      28.11931      28.43425       28.5317      28.47811      28.20895      28.85829      29.30482       29.6576
      29.95518      30.21369      30.44219      30.64669      30.83149      30.99981      31.15412      31.29633      31.42795      31.55021      31.66408      31.77037      31.86975      31.96277       32.0499      32.13152      32.20795      32.27947      32.34631      32.40866
      32.46671       32.5206      32.57056      32.61682       32.6597      32.69934      32.73471      32.76026       -999.99       -999.99
       -999.99       -999.99       -999.99      31.45041      31.47718      31.51592      31.55807      31.59992      31.64002      31.67783      31.71309       31.7457      31.77555      31.80259      31.82675      31.84797      31.86617      31.88131      31.89331      31.90211
      31.90763       31.9098      31.90855      31.90378      31.89542      31.88337      31.86754      31.84783      31.82413      31.79633       31.7643       31.7279      31.68698      31.64135       31.5908       31.5351      31.47397      31.40707      31.33398      31.25421
      31.16714      31.07201      30.96789      30.85362      30.72778      30.58859      30.43387      30.26097      30.06668      29.84743      29.60024      29.32829      29.07366      29.09002      29.12253      29.13197      29.15756      29.45302       29.7648      30.05098
      30.30836      30.53995      30.74932      30.93967      31.11366       31.2735      31.42097      31.55757      31.68449      31.80274      31.91315      32.01641      32.11309      32.20369      32.28862      32.36821      32.44277      32.51252      32.57767      32.63837
      32.69476       32.7469      32.79483      32.83851      32.87769      32.91166      32.93864      32.95487       -999.99       -999.99
       -999.99       -999.99       -999.99       31.6983      31.73027      31.77271       31.8165      31.85874      31.89861      31.93589      31.97047      32.00232      32.03138      32.05759      32.08093      32.10133      32.11875      32.13314      32.14445      32.15262
      32.15759       32.1593      32.15768      32.15266      32.14416       32.1321      32.11641      32.09698      32.07373      32.04654      32.01531      31.97991       31.9402      31.89602      31.84718      31.79347      31.73466      31.67043      31.60047      31.52433
      31.44154       31.3515      31.25352      31.14676       31.0303      30.90306      30.76392      30.61187      30.44634      30.26813       30.0816      29.90017        29.758       29.7178      29.72447      29.75801      29.83823      30.01981       30.2399      30.46431
      30.67964      30.88152      31.06915       31.2431       31.4044       31.5542      31.69357      31.82351      31.94486      32.05839      32.16474      32.26447      32.35804      32.44588      32.52832      32.60566      32.67813      32.74596       32.8093      32.86827
      32.92295      32.97333      33.01933       33.0607      33.09694      33.12709      33.14952      33.16191       -999.99       -999.99
       -999.99       -999.99       -999.99      31.90999      31.96854      32.02372      32.07201      32.11544      32.15532      32.19216      32.22614      32.25729      32.28561      32.31108      32.33365       32.3533         32.37      32.38371      32.39439        32.402
      32.40649      32.40781       32.4059       32.4007      32.39214      32.38016      32.36468      32.34562       32.3229      32.29643      32.26611      32.23183      32.19346      32.15087      32.10391      32.05241      31.99614      31.93489      31.86839       31.7963
      31.71828      31.63392      31.54275      31.44429      31.33805       31.2236      31.10072      30.96962      30.83141      30.68898      30.54853       30.4218      30.32789      30.28669      30.28794      30.32533      30.40498      30.53692       30.7011      30.87836
      31.05691      31.23054      31.39637      31.55329      31.70109      31.84001       31.9705      32.09306      32.20824      32.31652      32.41835      32.51416      32.60429      32.68908       32.7688      32.84367      32.91392      32.97971      33.04116      33.09837
      33.15136      33.20011      33.24445      33.28406      33.31835      33.34634      33.36661      33.37747       -999.99       -999.99
       -999.99       -999.99       -999.99      32.05949      32.20589      32.27721      32.32793      32.37127      32.41061      32.44687      32.48022      32.51071      32.53834      32.56309      32.58495       32.6039      32.61993      32.63301      32.64312      32.65022
      32.65429      32.65527      32.65313      32.64781      32.63926      32.62742      32.61222      32.59361       32.5715      32.54583      32.51651      32.48344      32.44653      32.40566      32.36072      32.31157      32.25804      32.19998      32.13718      32.06942
      31.99649      31.91814      31.83414      31.74429      31.64849      31.54681      31.43965      31.32797      31.21368      31.10021      30.99322       30.9012      30.83479      30.80281        30.805      30.84005      30.90911      31.01226      31.14058      31.28332
      31.43195      31.58078      31.72637      31.86681      32.00114      32.12897      32.25025      32.36509      32.47372       32.5764      32.67341      32.76501      32.85146      32.93299       33.0098      33.08207      33.14997      33.21362      33.27314      33.32858
      33.37997      33.42727      33.47031      33.50878      33.54212       33.5694      33.58924      33.59992       -999.99       -999.99
       -999.99       -999.99       -999.99       -999.99      32.51287      32.54679       32.5868      32.62667      32.66463      32.70009      32.73279      32.76264       32.7896      32.81368      32.83486      32.85315      32.86853      32.88102      32.89059      32.89724
      32.90092      32.90162       32.8993      32.89391      32.88542      32.87378      32.85892      32.84082      32.81939      32.79459      32.76633      32.73455      32.69918      32.66012       32.6173      32.57061      32.51995       32.4652      32.40625      32.34298
      32.27528      32.20306      32.12629        32.045      31.95938      31.86984      31.77715      31.68265      31.58845      31.49778      31.41521      31.34665      31.29851      31.27581      31.28019      31.31179      31.37033      31.45405      31.55781      31.67513
      31.80003      31.92792      32.05555      32.18077      32.30227      32.41928       32.5314      32.63845       32.7404      32.83732      32.92933      33.01656      33.09916      33.17728      33.25106      33.32062      33.38608      33.44755       33.5051      33.55879
      33.60865      33.65467      33.69675      33.73468      33.76803      33.79598       33.8171      33.82906       -999.99       -999.99
       -999.99       -999.99       -999.99       -999.99      32.78091      32.80582      32.84145      32.87963      32.91683      32.95174      32.98389      33.01314      33.03947      33.06288       33.0834      33.10103      33.11581      33.12773       33.1368      33.14301
      33.14635       33.1468      33.14433      33.13892      33.13053      33.11912      33.10466       33.0871      33.06641      33.04251      33.01538      32.98495      32.95117      32.91398      32.87334      32.82917      32.78144      32.73007      32.67502      32.61626
      32.55379      32.48764      32.41793      32.34487      32.26884      32.19047       32.1107      32.03098      31.95332       31.8805      31.81608       31.7642      31.72901      31.71378      31.72018      31.74862      31.79857      31.86826      31.95433      32.05255
      32.15871      32.26925      32.38133      32.49292      32.60258      32.70937      32.81266      32.91207       33.0074      33.09856      33.18552      33.26831      33.34699      33.42163      33.49229      33.55907      33.62205      33.68128      33.73684      33.78879
      33.83718      33.88204       33.9234      33.96124      33.99541      34.02547      34.05018      34.06612       -999.99       -999.99
       -999.99       -999.99       -999.99       -999.99      33.01965      33.04982      33.08929      33.12929      33.16704      33.20185       33.2336       33.2623      33.28799      33.31074      33.33058      33.34757      33.36174       33.3731      33.38168      33.38748
       33.3905      33.39073      33.38815      33.38274      33.37448      33.36335      33.34931      33.33234       33.3124      33.28945      33.26347      33.23441      33.20226      33.16697      33.12852      33.08691       33.0421       32.9941      32.94292      32.88861
      32.83123      32.77095      32.70797      32.64263      32.57543      32.50709      32.43862      32.37141      32.30726      32.24849      32.19781      32.15818      32.13248      32.12294       32.1309      32.15674      32.19999       32.2592      32.33207      32.41566
      32.50695      32.60318      32.70201      32.80161      32.90059      32.99792       33.0929      33.18501      33.27393      33.35944      33.44142      33.51979      33.59455      33.66568      33.73322      33.79718      33.85764       33.9146      33.96815      34.01834
      34.06524      34.10896      34.14965      34.18754      34.22297      34.25642      34.28806      34.31495       -999.99       -999.99
       -999.99       -999.99       -999.99       -999.99      33.22421      33.28038      33.33244      33.37695      33.41596      33.45081      33.48214      33.51023      33.53524      33.55729      33.57644      33.59276       33.6063      33.61711      33.62521      33.63061
      33.63332      33.63334      33.63067      33.62529      33.61718      33.60635      33.59275      33.57638      33.55721      33.53522      33.51041      33.48274      33.45221      33.41882      33.38256      33.34347      33.30154      33.25684      33.20943      33.15941
      33.10693      33.05219       32.9955      32.93726      32.87803      32.81857      32.75986      32.70316      32.65005      32.60239      32.56227      32.53189      32.51326        32.508       32.5171      32.54087       32.5789      32.63013      32.69289      32.76507
      32.84446      32.92891      33.01651      33.10569      33.19516      33.28392       33.3712      33.45646      33.53928      33.61936       33.6965      33.77056      33.84145      33.90911      33.97353       34.0347      34.09262      34.14731      34.19881      34.24719
      34.29253      34.33499       34.3748      34.41241      34.44864      34.48526      34.52671       34.5863      34.71203       -999.99
       -999.99       -999.99       -999.99       -999.99      33.36911      33.51099      33.57896      33.62593      33.66484       33.6991      33.72972      33.75705      33.78129      33.80256      33.82096      33.83657      33.84948      33.85971      33.86732      33.87233
      33.87474      33.87457      33.87181      33.86647      33.85854      33.84801      33.83486       33.8191      33.80071      33.77968      33.75602      33.72973      33.70081      33.66928      33.63517      33.59853      33.55941      33.51789      33.47409      33.42815
      33.38026       33.3307      33.27979      33.22799      33.17588      33.12418      33.07382      33.02592      32.98183      32.94304      32.91117      32.88788      32.87462      32.87258      32.88249      32.90458      32.93853      32.98356      33.03843      33.10159
      33.17137       33.2461      33.32423      33.40441      33.48549      33.56655      33.64683      33.72575      33.80285      33.87778       33.9503       34.0202      34.08734      34.15162      34.21299      34.27138      34.32678      34.37919      34.42863      34.47513
       34.5188      34.55976      34.59829       34.6348      34.67007      34.70546      34.74334      34.78702      34.83492       -999.99
       -999.99       -999.99       -999.99       -999.99       -999.99      33.81035      33.84216      33.87877      33.91418      33.94688      33.97644      34.00283      34.02617      34.04657      34.06414      34.07901      34.09122      34.10087      34.10797      34.11257
      34.11469      34.11432       34.1115       34.1062      34.09845      34.08822      34.07552      34.06036      34.04274      34.02266      34.00014      33.97519      33.94783      33.91811      33.88607       33.8518      33.81536      33.77687      33.73647      33.69436
      33.65074      33.60593      33.56028      33.51426      33.46841      33.42346      33.38022      33.33969      33.30298      33.27131      33.24596      33.22818      33.21906      33.21946      33.22995      33.25067      33.28139      33.32153      33.37014      33.42607
      33.48803      33.55471      33.62484      33.69728      33.77103      33.84525       33.9192      33.99232      34.06413      34.13425       34.2024      34.26835       34.3319      34.39292      34.45131        34.507      34.55993      34.61008      34.65742        34.702
      34.74386      34.78312      34.81994      34.85462      34.88759       34.9194      34.95045      34.97997      35.00257       -999.99
       -999.99       -999.99       -999.99       -999.99       -999.99      34.07314      34.09628       34.1286      34.16213      34.19367      34.22221      34.24758      34.26989      34.28931      34.30597      34.32001       34.3315      34.34051      34.34709      34.35127
      34.35308      34.35253      34.34963      34.34439       34.3368      34.32688      34.31463      34.30006      34.28318      34.26402       34.2426      34.21894      34.19309       34.1651      34.13504      34.10301       34.0691      34.03345      33.99624      33.95766
      33.91797      33.87748      33.83655      33.79565      33.75531      33.71617      33.67899      33.64461      33.61398      33.58807      33.56792      33.55445      33.54854      33.55083      33.56171      33.58131      33.60945      33.64567      33.68927      33.73934
      33.79489      33.85487      33.91824      33.98405      34.05142      34.11959      34.18788      34.25574      34.32271      34.38839      34.45247      34.51469      34.57484      34.63276      34.68831      34.74138      34.79191      34.83982      34.88509      34.92771
      34.96769      35.00507      35.03993      35.07239      35.10255      35.13039      35.15548      35.17634      35.18943       -999.99
       -999.99       -999.99       -999.99       -999.99       -999.99      34.30856      34.33709       34.3731      34.40797      34.43937      34.46707      34.49133      34.51247      34.53076       34.5464      34.55952      34.57022      34.57857       34.5846      34.58836
      34.58986      34.58911      34.58613      34.58093      34.57351      34.56388      34.55206      34.53806      34.52191      34.50362      34.48325      34.46082       34.4364      34.41004      34.38185      34.35192      34.32038      34.28737      34.25309      34.21775
      34.18162      34.14501      34.10829       34.0719      34.03635      34.00222      33.97017      33.94094      33.91531      33.89409       33.8781      33.86808      33.86468      33.86841      33.87956      33.89823      33.92428      33.95733      33.99686      34.04215
      34.09241       34.1468      34.20447       34.2646      34.32644      34.38929      34.45255       34.5157      34.57827      34.63988      34.70021      34.75896      34.81593      34.87092      34.92377      34.97435      35.02256      35.06831      35.11155      35.15221
      35.19028      35.22574      35.25856      35.28872      35.31611      35.34047      35.36116      35.37695      35.38589       -999.99
       -999.99       -999.99       -999.99       -999.99       -999.99       34.5116      34.56643      34.61469      34.65321      34.68474      34.71134      34.73417      34.75388      34.77086      34.78534      34.79747      34.80732      34.81496      34.82043      34.82374
      34.82492      34.82397      34.82092      34.81575      34.80848      34.79914      34.78772      34.77427      34.75879      34.74133      34.72195      34.70068      34.67759      34.65277      34.62631      34.59833      34.56897      34.53838      34.50677      34.47437
      34.44144      34.40829      34.37529      34.34285      34.31144      34.28159      34.25389      34.22895      34.20746      34.19007      34.17744      34.17017      34.16877      34.17361      34.18494      34.20284      34.22716      34.25763      34.29383      34.33519
      34.38108       34.4308      34.48364      34.53891      34.59597      34.65418        34.713      34.77194      34.83056      34.88848      34.94537      35.00094      35.05496      35.10722      35.15754      35.20576      35.25178      35.29546      35.33673      35.37551
      35.41171      35.44528      35.47612      35.50411      35.52905      35.55058      35.56816       35.5809      35.58773       -999.99
       -999.99       -999.99       -999.99       -999.99       -999.99      34.65644      34.79838      34.86193      34.90136        34.931      34.95536      34.97613      34.99406      35.00951       35.0227      35.03374      35.04269       35.0496      35.05448      35.05734
      35.05819      35.05704      35.05389      35.04875      35.04163      35.03254      35.02151      35.00856      34.99372      34.97704      34.95858      34.93838      34.91653      34.89312      34.86826      34.84206      34.81469       34.7863      34.75711      34.72734
      34.69725      34.66717      34.63742      34.60841      34.58057      34.55437      34.53033      34.50898       34.4909      34.47665      34.46674      34.46167      34.46185      34.46757      34.47902      34.49624      34.51915      34.54751      34.58097      34.61908
      34.66133      34.70713       34.7559      34.80704      34.85997      34.91415      34.96907      35.02429      35.07939      35.13399      35.18777      35.24045      35.29176       35.3415      35.38947      35.43551      35.47946       35.5212      35.56062       35.5976
      35.63203      35.66381      35.69281      35.71886      35.74171      35.76105      35.77641      35.78721      35.79285       -999.99
       -999.99       -999.99       -999.99       -999.99       -999.99       -999.99      35.10371      35.12907      35.15518       35.1785      35.19899      35.21698      35.23277      35.24652      35.25831       35.2682      35.27622      35.28238      35.28666      35.28907
      35.28959      35.28823      35.28498      35.27986      35.27287      35.26402      35.25335      35.24086      35.22662      35.21065      35.19302      35.17381       35.1531      35.13097      35.10755      35.08297      35.05739      35.03098      35.00393      34.97649
      34.94893      34.92152       34.8946      34.86855      34.84375      34.82064      34.79967      34.78132      34.76606      34.75436      34.74667      34.74338      34.74481      34.75122      34.76273      34.77939      34.80112      34.82773      34.85894      34.89436
      34.93358       34.9761      35.02143      35.06905      35.11845      35.16915      35.22069      35.27264      35.32462      35.37627      35.42727      35.47734      35.52621      35.57365      35.61948      35.66349      35.70555      35.74549      35.78318      35.81849
      35.85128      35.88143      35.90878      35.93314      35.95427      35.97189      35.98564      35.99514      36.00003       -999.99
       -999.99       -999.99       -999.99       -999.99       -999.99       -999.99      35.37902      35.39117      35.40769      35.42482      35.44112      35.45613      35.46964       35.4816      35.49195      35.50069      35.50777      35.51317      35.51687      35.51883
      35.51903      35.51746      35.51412      35.50901      35.50213       35.4935      35.48314      35.47108      35.45737      35.44205       35.4252      35.40688      35.38718       35.3662      35.34408      35.32095      35.29695      35.27228      35.24713      35.22174
      35.19636      35.17127      35.14679      35.12326      35.10105      35.08054      35.06214      35.04626      35.03332      35.02371      35.01781      35.01594      35.01838      35.02531      35.03686      35.05304       35.0738      35.09896       35.1283      35.16151
      35.19821        35.238      35.28043      35.32507      35.37147      35.41918      35.46779      35.51691      35.56617      35.61522      35.66376       35.7115      35.75818      35.80357      35.84746      35.88965      35.92998      35.96828      36.00439      36.03818
      36.06949      36.09818      36.12408      36.14701      36.16673      36.18301      36.19557      36.20415      36.20853       -999.99
       -999.99       -999.99       -999.99       -999.99       -999.99       -999.99      35.63796      35.64475      35.65553      35.66795      35.68064      35.69286      35.70421      35.71444      35.72342      35.73103      35.73721      35.74189      35.74501      35.74653
      35.74643      35.74466      35.74123      35.73612      35.72934       35.7209      35.71083      35.69915      35.68592      35.67118      35.65501      35.63748      35.61868      35.59873      35.57775      35.55588      35.53327      35.51012      35.48662      35.46299
      35.43949      35.41639      35.39398      35.37258      35.35254      35.33419      35.31792      35.30407      35.29303      35.28511      35.28065      35.27993      35.28316       35.2905      35.30206      35.31783      35.33778      35.36175      35.38956      35.42093
      35.45555      35.49306      35.53308      35.57523      35.61908      35.66426      35.71038      35.75706      35.80397      35.85077      35.89716      35.94286      35.98761      36.03118      36.07335      36.11391       36.1527      36.18953      36.22424      36.25668
      36.28667      36.31409      36.33874      36.36045      36.37902      36.39425      36.40591      36.41383      36.41785       -999.99
       -999.99       -999.99       -999.99       -999.99       -999.99       -999.99      35.88609      35.89035      35.89773      35.90688      35.91674      35.92662      35.93607      35.94475      35.95247      35.95905      35.96439       35.9684      35.97099      35.97211
      35.97172      35.96978      35.96626      35.96114      35.95445      35.94618      35.93636      35.92502       35.9122      35.89798       35.8824      35.86556      35.84755      35.82848      35.80848       35.7877      35.76629      35.74443      35.72233       35.7002
      35.67829      35.65686      35.63618      35.61655       35.5983      35.58174       35.5672      35.55501      35.54549      35.53894      35.53564      35.53581      35.53966      35.54731      35.55886      35.57429      35.59357      35.61657      35.64312      35.67299
      35.70591      35.74155      35.77958      35.81964      35.86139      35.90444      35.94846      35.99308      36.03798      36.08286       36.1274      36.17135      36.21444      36.25643       36.2971      36.33625      36.37368      36.40923      36.44271      36.47396
      36.50283      36.52914      36.55273      36.57345      36.59109      36.60548      36.61646      36.62388      36.62763       -999.99
       -999.99       -999.99       -999.99       -999.99       -999.99       -999.99      36.12606      36.12898      36.13429       36.1412      36.14898      36.15702      36.16489      36.17227       36.1789      36.18459       36.1892      36.19261      36.19473       36.1955
      36.19485      36.19275      36.18914      36.18403      36.17741      36.16928      36.15968      36.14862      36.13617      36.12238      36.10731      36.09106      36.07372       36.0554      36.03623      36.01636      35.99594      35.97517      35.95424      35.93335
      35.91275      35.89268      35.87342      35.85524      35.83844      35.82331      35.81017      35.79929      35.79099      35.78551      35.78311      35.78399      35.78831       35.7962      35.80771      35.82286      35.84159       35.8638      35.88935      35.91801
      35.94954      35.98366      36.02007      36.05845      36.09846      36.13977      36.18205      36.22496       36.2682      36.31147      36.35447      36.39693      36.43861      36.47926      36.51867      36.55661       36.5929      36.62735      36.65978      36.69003
      36.71794      36.74333      36.76605      36.78595      36.80285      36.81659      36.82704      36.83408      36.83763       -999.99
       -999.99       -999.99       -999.99       -999.99       -999.99       -999.99      36.35933      36.36147      36.36548      36.37088      36.37716      36.38382      36.39048      36.39682      36.40257      36.40753      36.41153      36.41445      36.41618      36.41665
      36.41578      36.41353      36.40986      36.40475      36.39819      36.39018      36.38076      36.36995       36.3578      36.34436      36.32972      36.31395      36.29715      36.27945      36.26096      36.24183      36.22223      36.20232      36.18232      36.16243
      36.14287      36.12389      36.10575      36.08871      36.07305      36.05904      36.04698      36.03713      36.02976       36.0251      36.02339       36.0248      36.02947      36.03752        36.049      36.06391      36.08221      36.10379      36.12853      36.15623
      36.18668       36.2196      36.25473      36.29177       36.3304      36.37032       36.4112      36.45274      36.49464       36.5366      36.57834      36.61959      36.66012      36.69968      36.73803      36.77499      36.81033      36.84388      36.87544      36.90487
      36.93199      36.95664      36.97866      36.99791      37.01422      37.02746      37.03751      37.04426      37.04767       -999.99
       -999.99       -999.99       -999.99       -999.99       -999.99       -999.99      36.58683      36.58851      36.59171      36.59612      36.60135      36.60702       36.6128      36.61837      36.62346      36.62786       36.6314      36.63394      36.63538       36.6356
      36.63457      36.63221      36.62849      36.62338      36.61687      36.60897      36.59969      36.58907      36.57716      36.56401       36.5497      36.53431      36.51794      36.50072      36.48275       36.4642      36.44522      36.42599       36.4067      36.38757
       36.3688      36.35065      36.33335      36.31716      36.30235      36.28917      36.27791      36.26881      36.26212      36.25806      36.25683      36.25861      36.26353      36.27169      36.28312      36.29784       36.3158      36.33691      36.36103      36.38801
      36.41763      36.44965       36.4838      36.51982       36.5574      36.59625      36.63606      36.67655       36.7174      36.75835      36.79911      36.83943      36.87905      36.91774      36.95528      36.99145      37.02605       37.0589       37.0898      37.11857
      37.14508      37.16915      37.19063      37.20938      37.22525      37.23812      37.24787      37.25442      37.25772       -999.99
       -999.99       -999.99       -999.99       -999.99       -999.99       -999.99      36.81075       36.8122      36.81489      36.81869      36.82327       36.8283      36.83352      36.83857      36.84322      36.84726       36.8505       36.8528      36.85404      36.85414
        36.853      36.85056      36.84682      36.84172      36.83525      36.82744      36.81828      36.80781      36.79609      36.78317       36.7691      36.75399      36.73795      36.72109      36.70352      36.68539      36.66687      36.64812      36.62935      36.61076
      36.59257        36.575      36.55828      36.54268      36.52843      36.51582      36.50507      36.49646       36.4902      36.48652      36.48558      36.48759      36.49264      36.50083      36.51221      36.52675      36.54444      36.56519      36.58884      36.61529
      36.64432      36.67572      36.70919      36.74448      36.78131      36.81942      36.85849      36.89821      36.93832      36.97854      37.01859      37.05822      37.09718      37.13524      37.17217      37.20777      37.24182      37.27414      37.30453      37.33285
      37.35884      37.38244      37.40353      37.42195      37.43751      37.45012      37.45966      37.46605      37.46931       -999.99
       -999.99       -999.99       -999.99       -999.99       -999.99       -999.99      37.06181      37.06315      37.06535      37.06889      37.07321      37.07819      37.08313      37.08797      37.09246      37.09638      37.09955      37.10181      37.10306      37.10337
      37.10226       37.0997      37.09602      37.09099      37.08463      37.07696      37.06794      37.05763      37.04622      37.03353      37.01973      37.00478      36.98909      36.97271      36.95555      36.93785       36.9198      36.90153      36.88311      36.86503
      36.84742       36.8303        36.814      36.79877       36.7848      36.77246      36.76192      36.75344      36.74729      36.74366      36.74268      36.74463      36.74957      36.75761      36.76892      36.78323      36.80036      36.82066      36.84363      36.86962
      36.89818      36.92937      36.96231      36.99706      37.03335      37.07117      37.10968      37.14885       37.1884      37.22808       37.2676      37.30665      37.34509      37.38264      37.41908      37.45419      37.48782      37.51969      37.54966      37.57738
      37.60315      37.62537      37.64608      37.66441       37.6797      37.69205       37.7014      37.70766      37.71118       -999.99
