 90            50            2 
 200
 200
 200
 200
 200
 200
 200
 200
 200
 200
 200
 200
 200
 200
 200
 200
 200
 200
 200
 200
 200
 200
 200
 200
 200
 200
 200
 200
 200
 200
 200
 200
 200
 200
 200
 200
 200
 200
 200
 200
 200
 200
 200
 200
 200
 200
 200
 200
 200
 200
 200
 200
 200
 200
 200
 200
 200
 200
 200
 200
 200
 200
 200
 200
 200
 200
 200
 200
 200
 200
 200
 200
 200
 200
 200
 200
 200
 200
 200
 200
 200
 200
 200
 200
 200
 200
 200
 200
 200
 200
 200
 200
 200
 200
 200
 200
 200
 200
 200
 200
 200
 200
 200
 200
 200
 200
 200
 200
 200
 200
 200
 200
 200
 200
 200
 200
 200
 200
 200
 200
 200
 200
 200
 200
 200
 200
 200
 200
 200
 200
 200
 200
 200
 200
 200
 200
 200
 200
 200
 200
